param NO_Staff = 4

    ;
param NO_Visits = 20

    ;
param T_MAX = 717

    ;
param nModeOfTravel = 1

    ;
param extra_staff_penalty = 99999

    ;
set Visit_Demands[17] := ; # empty
set Visit_Demands[4] := 17;
set Visit_Demands[13] := ; # empty
set Visit_Demands[10] := 13;
set Visit_Demands[1] := ; # empty
set Visit_Demands[2] := ; # empty
set Visit_Demands[3] := ; # empty
set Visit_Demands[5] := ; # empty
set Visit_Demands[6] := ; # empty
set Visit_Demands[7] := ; # empty
set Visit_Demands[8] := ; # empty
set Visit_Demands[9] := ; # empty
set Visit_Demands[11] := ; # empty
set Visit_Demands[12] := ; # empty
set Visit_Demands[14] := ; # empty
set Visit_Demands[15] := ; # empty
set Visit_Demands[16] := ; # empty
set Visit_Demands[18] := ; # empty
set Visit_Demands[19] := ; # empty
set Visit_Demands[20] := ; # empty

param :     a     b     :=
0      0   717
1     17    17
2    110   110
3    169   169
4    276   276
5    428   428
6     16    16
7     46    46
8    176   176
9    303   303
10   385   385
11    15    15
12   104   104
13   385   385
14   498   498
15   626   626
16    14    14
17   276   276
18   407   407
19   536   536
20   644   644
21     0   717
;

param Duration [*] :=
 1   72
 2   52
 3   87
 4  104
 5  101
 6   20
 7  104
 8  103
 9   48
10   88
11   71
12   54
13   88
14   97
15   51
16  116
17  104
18  118
19   75
20   49
;

param TimeMatrix [*,*,1]
:    0      1       2       3       4       5       6       7       8       9 :=
0     0      17      12      15      20      29      16       9      19      19
1    17   10000      18      24      12      36      26      22       3      22
2    12      18   10000       6      14      40      28      21      19       8
3    15      24       6   10000      18      43      31      23      24       8
4    20      12      14      18   10000      45      34      28      11      14
5    29      36      40      43      45   10000      13      20      38      48
6    16      26      28      31      34      13   10000       8      29      35
7     9      22      21      23      28      20       8   10000      24      28
8    19       3      19      24      11      38      29      24   10000      22
9    19      22       8       8      14      48      35      28      22   10000
10   17      14      25      30      24      23      16      15      16      31
11   15      24       6       1      18      43      30      23      24       8
12   18      11      12      17       3      43      31      25      10      13
13   17      14      25      30      24      23      16      15      16      31
14   12      28      21      22      31      23      12       8      30      28
15   17       7      14      19       6      40      30      24       6      16
16   14      20      25      29      28      17       8       8      22      32
17   20      12      14      18   10000      45      34      28      11      14
18   13      14      22      27      24      22      13      11      17      29
19    6      19      18      21      25      23      10       3      22      25
20   24      28      13      10      18      52      40      33      27       6
21    0      17      12      15      20      29      16       9      19      19

:     10      11      12      13      14      15      16      17      18     :=
0       17      15      18      17      12      17      14      20      13
1       14      24      11      14      28       7      20      12      14
2       25       6      12      25      21      14      25      14      22
3       30       1      17      30      22      19      29      18      27
4       24      18       3      24      31       6      28   10000      24
5       23      43      43      23      23      40      17      45      22
6       16      30      31      16      12      30       8      34      13
7       15      23      25      15       8      24       8      28      11
8       16      24      10      16      30       6      22      11      17
9       31       8      13      31      28      16      32      14      29
10   10000      29      22   10000      22      19       9      24       4
11      29   10000      17      29      22      19      28      18      26
12      22      17   10000      22      29       4      26       3      22
13   10000      29      22   10000      22      19       9      24       4
14      22      22      29      22   10000      28      15      31      18
15      19      19       4      19      28   10000      24       6      19
16       9      28      26       9      15      24   10000      28       6
17      24      18       3      24      31       6      28   10000      24
18       4      26      22       4      18      19       6      24   10000
19      14      20      22      14       9      21       9      25      10
20      37      11      18      37      32      21      37      18      35
21      17      15      18      17      12      17      14      20      13

:     19      20     21    :=
0        6      24    0
1       19      28   17
2       18      13   12
3       21      10   15
4       25      18   20
5       23      52   29
6       10      40   16
7        3      33    9
8       22      27   19
9       25       6   19
10      14      37   17
11      20      11   15
12      22      18   18
13      14      37   17
14       9      32   12
15      21      21   17
16       9      37   14
17      25      18   20
18      10      35   13
19   10000      30    6
20      30   10000   24
21       6      24    0
;

param BonusMatrix [*,*] (tr)
:        1          2           3           4         :=
1    -9.42347    -0.80002   -5.2011     -4.13263
2     8.53706     9.19274   -8.14578    -1.31223
3     8.55408     6.5477     9.05095    -0.306303
4    -6.31048     8.77478   -0.567433    2.19505
5     3.95533     6.4935     4.97244     2.3899
6     1.16926    -6.43385    7.65384     4.89543
7     7.95614    -1.83725    5.92016     5.78581
8     6.50175     2.84219   -9.51795     2.01825
9     2.68975    -6.23615   -6.04383     1.73935
10    1.96874     3.20495   -0.168303    4.30761
11   -9.64469     8.97857    9.39483     6.39513
12   -7.76861     6.05554    6.94936     3.75604
13    1.96874     3.20495   -0.168303    4.30761
14   -0.414351    6.14468    5.49226     0.0381101
15    9.87628     7.67225    6.56111    -1.70697
16    6.28036     4.63168   -1.73407     1.17945
17   -6.31048     8.77478   -0.567433    2.19505
18   -2.93338     3.14185   -1.52642     9.72703
19    7.68039    -8.85388   -5.3794     -8.43716
20   -6.97893    -5.03931   -5.69919    -7.01404
;

