param NO_Staff = 4

    ;
param NO_Visits = 20

    ;
param T_MAX = 730

    ;
param nModeOfTravel = 1

    ;
param extra_staff_penalty = 99999

    ;
set Visit_Demands[13] := ; # empty
set Visit_Demands[4] := 13;
set Visit_Demands[19] := ; # empty
set Visit_Demands[20] := ; # empty
set Visit_Demands[3] := 19;
set Visit_Demands[1] := ; # empty
set Visit_Demands[2] := ; # empty
set Visit_Demands[5] := ; # empty
set Visit_Demands[6] := ; # empty
set Visit_Demands[7] := ; # empty
set Visit_Demands[8] := ; # empty
set Visit_Demands[9] := ; # empty
set Visit_Demands[10] := ; # empty
set Visit_Demands[11] := ; # empty
set Visit_Demands[12] := ; # empty
set Visit_Demands[14] := ; # empty
set Visit_Demands[15] := ; # empty
set Visit_Demands[16] := ; # empty
set Visit_Demands[17] := ; # empty
set Visit_Demands[18] := ; # empty

param :    a    b     :=
0    0   730
1    0   730
2    0   730
3    0   730
4    0   730
5    0   730
6    0   730
7    0   730
8    0   730
9    0   730
10   0   730
11   0   730
12   0   730
13   0   730
14   0   730
15   0   730
16   0   730
17   0   730
18   0   730
19   0   730
20   0   730
21   0   730
;

param Duration [*] :=
 1   58
 2   92
 3   52
 4  102
 5   61
 6  111
 7   32
 8   71
 9   63
10   77
11   24
12   15
13  102
14   76
15   46
16   51
17   84
18  105
19   52
20   79
;

param TimeMatrix [*,*,1]
:    0      1       2       3       4       5       6       7       8       9 :=
0     0      15      12      18      18      16      21      20      24      16
1    15   10000      23      30       4      12      17      14      38      11
2    12      23   10000      24      25      27      19      31      22      18
3    18      30      24   10000      33      23      38      26      16      33
4    18       4      25      33   10000      15      17      16      42      11
5    16      12      27      23      15   10000      28       5      35      22
6    21      17      19      38      17      28   10000      31      41       7
7    20      14      31      26      16       5      31   10000      39      24
8    24      38      22      16      42      35      41      39   10000      38
9    16      11      18      33      11      22       7      24      38   10000
10   16      16      28      20      19       5      32       7      33      25
11   13       9      24      23      12       4      25       7      35      18
12   17      31      11      18      34      31      30      35      11      28
13   18       4      25      33   10000      15      17      16      42      11
14   24      37      26       9      41      31      43      34      10      39
15    9      10      20      20      14       7      23      11      30      17
16   21      23      32      18      26      11      38      12      33      31
17   15      20       9      31      22      28      12      32      30      12
18    4      15      15      15      19      13      24      17      24      19
19   18      30      24   10000      33      23      38      26      16      33
20   10      11      13      28      13      19      11      23      32       7
21    0      15      12      18      18      16      21      20      24      16

:     10      11      12      13      14      15      16      17      18     :=
0       16      13      17      18      24       9      21      15       4
1       16       9      31       4      37      10      23      20      15
2       28      24      11      25      26      20      32       9      15
3       20      23      18      33       9      20      18      31      15
4       19      12      34   10000      41      14      26      22      19
5        5       4      31      15      31       7      11      28      13
6       32      25      30      17      43      23      38      12      24
7        7       7      35      16      34      11      12      32      17
8       33      35      11      42      10      30      33      30      24
9       25      18      28      11      39      17      31      12      19
10   10000       8      30      19      28       9       7      30      13
11       8   10000      29      12      31       5      14      25      12
12      30      29   10000      34      18      25      32      20      18
13      19      12      34   10000      41      14      26      22      19
14      28      31      18      41   10000      28      26      34      22
15       9       5      25      14      28   10000      15      21       7
16       7      14      32      26      26      15   10000      35      17
17      30      25      20      22      34      21      35   10000      19
18      13      12      18      19      22       7      17      19   10000
19      20      23      18      33       9      20      18      31      15
20      22      16      23      13      33      13      28      10      13
21      16      13      17      18      24       9      21      15       4

:     19      20     21    :=
0       18      10    0
1       30      11   15
2       24      13   12
3    10000      28   18
4       33      13   18
5       23      19   16
6       38      11   21
7       26      23   20
8       16      32   24
9       33       7   16
10      20      22   16
11      23      16   13
12      18      23   17
13      33      13   18
14       9      33   24
15      20      13    9
16      18      28   21
17      31      10   15
18      15      13    4
19   10000      28   18
20      28   10000   10
21      18      10    0
;

param BonusMatrix [*,*] (tr)
:        1           2           3           4        :=
1    -9.73719     6.33885     7.96275    -6.70585
2    -6.80238    -0.351053    5.7713      4.66877
3    -2.70873    -7.23444     1.01149     1.44597
4    -2.09617    -5.77654     9.70191    -2.06416
5     9.68436     0.276004    5.32821     6.937
6     9.08798     0.712472    8.14769    -9.67958
7     9.75851    -6.22791    -0.687269   -0.951247
8    -9.94918     1.55451     7.12758    -9.42473
9    -0.621977    4.42717    -1.91812    -6.10767
10    6.28171    -7.92786    -3.90938    -6.55472
11    7.61228     9.25785     9.52828    -0.960986
12    3.4372      6.70266     9.21519    -3.02779
13   -2.09617    -5.77654     9.70191    -2.06416
14   -1.44765    -6.38281     9.3011     -3.42188
15   -9.65748     3.33094    -9.45394    -3.15861
16    0.133606    4.77628    -0.934027   -9.12834
17   -0.260565    4.7261      9.64123     2.4499
18   -7.42377     2.3151     -7.95609     0.969326
19   -2.70873    -7.23444     1.01149     1.44597
20    4.08202    -5.89803     6.14236    -2.41157
;

