param NO_Staff = 4

param NO_Visits = 20

param T_MAX = 554

param nModeOfTravel = 1

param extra_staff_penalty = 99999

set Visit_Demands[14] := 20;
set Visit_Demands[20] := ; # empty
set Visit_Demands[12] := 18;
set Visit_Demands[18] := ; # empty
set Visit_Demands[1] := ; # empty
set Visit_Demands[2] := ; # empty
set Visit_Demands[3] := ; # empty
set Visit_Demands[4] := ; # empty
set Visit_Demands[5] := ; # empty
set Visit_Demands[6] := ; # empty
set Visit_Demands[7] := ; # empty
set Visit_Demands[8] := ; # empty
set Visit_Demands[9] := ; # empty
set Visit_Demands[10] := ; # empty
set Visit_Demands[11] := ; # empty
set Visit_Demands[13] := ; # empty
set Visit_Demands[15] := ; # empty
set Visit_Demands[16] := ; # empty
set Visit_Demands[17] := ; # empty
set Visit_Demands[19] := ; # empty

param :     a     b     :=
0      0   554
1      0   164
2      0   204
3    168   477
4    190   549
5    352   636
6      0   136
7      0   294
8     92   420
9    138   391
10   177   564
11     0   214
12     0   224
13   138   360
14   220   458
15   347   576
16     0   119
17     0   132
18     0   224
19    71   350
20   220   458
21     0   554
;

param Duration [*] :=
 1   68
 2  180
 3   50
 4  120
 5   24
 6   64
 7   71
 8   66
 9   41
10   93
11   42
12   74
13   82
14   85
15   84
16   17
17   46
18   74
19   83
20   85
;

param TimeMatrix [*,*,1]
:    0      1       2       3       4       5       6       7       8       9 :=
0     0      21      21      11      15      12      19      25      22      15
1    21   10000       9      28      13      16      27      45      24      32
2    21       9   10000      30      19      11      20      44      30      34
3    11      28      30   10000      17      23      29      23      17       6
4    15      13      19      17   10000      19      29      38      12      22
5    12      16      11      23      19   10000      12      33      29      26
6    19      27      20      29      29      12   10000      31      39      31
7    25      45      44      23      38      33      31   10000      40      20
8    22      24      30      17      12      29      39      40   10000      21
9    15      32      34       6      22      26      31      20      21   10000
10   20      41      40      16      32      30      31       8      33      12
11   27      31      24      37      36      18       8      37      46      39
12   20      21      14      31      27       9       8      37      37      34
13   11      31      30      12      24      20      22      15      28      11
14   15      33      35       6      22      27      31      19      22       1
15   20      39      36      23      34      25      21      10      39      21
16   23      44      43      21      36      32      31       3      38      17
17   21      39      35      25      35      24      19      14      40      24
18   20      21      14      31      27       9       8      37      37      34
19    4      23      21      14      18      11      16      24      25      16
20   15      33      35       6      22      27      31      19      22       1
21    0      21      21      11      15      12      19      25      22      15

:     10      11      12      13      14      15      16      17      18     :=
0       20      27      20      11      15      20      23      21      20
1       41      31      21      31      33      39      44      39      21
2       40      24      14      30      35      36      43      35      14
3       16      37      31      12       6      23      21      25      31
4       32      36      27      24      22      34      36      35      27
5       30      18       9      20      27      25      32      24       9
6       31       8       8      22      31      21      31      19       8
7        8      37      37      15      19      10       3      14      37
8       33      46      37      28      22      39      38      40      37
9       12      39      34      11       1      21      17      24      34
10   10000      38      35      11      12      13       6      17      35
11      38   10000      11      29      39      27      37      24      11
12      35      11   10000      26      34      28      36      26   10000
13      11      29      26   10000      11      12      13      13      26
14      12      39      34      11   10000      21      17      24      34
15      13      27      28      12      21   10000      11       4      28
16       6      37      36      13      17      11   10000      14      36
17      17      24      26      13      24       4      14   10000      26
18      35      11   10000      26      34      28      36      26   10000
19      20      24      18      10      16      18      22      18      18
20      12      39      34      11   10000      21      17      24      34
21      20      27      20      11      15      20      23      21      20

:     19      20     21    :=
0        4      15    0
1       23      33   21
2       21      35   21
3       14       6   11
4       18      22   15
5       11      27   12
6       16      31   19
7       24      19   25
8       25      22   22
9       16       1   15
10      20      12   20
11      24      39   27
12      18      34   20
13      10      11   11
14      16   10000   15
15      18      21   20
16      22      17   23
17      18      24   21
18      18      34   20
19   10000      16    4
20      16   10000   15
21       4      15    0
;

param BonusMatrix [*,*] (tr)
:        1           2           3           4        :=
1    -2.30701    -8.45376     0.703705   -8.09906
2     8.5475      3.53823    -9.74309    -0.670695
3    -8.21899     6.56398    -3.86297     8.25061
4    -4.31381     3.31036    -8.383      -1.99817
5     1.03702     9.87844    -0.712971   -1.74332
6     2.46679    -2.48582    -1.5397     -5.03829
7    -7.94533     4.9545     -7.85922     3.98102
8    -6.74515     5.55603    -2.95024    -3.41601
9     0.995168   -3.95459    -9.39871    -7.39046
10   -5.12531     3.18814    -1.34485     0.12805
11   -8.50266     9.10865     6.44266     7.67843
12    3.91134     9.46388     1.22136    -1.63518
13   -7.83694     0.135426   -2.82149    -0.673575
14   -9.42898    -4.37351    -2.50244     4.38737
15   -3.8727      7.82865     5.91618    -3.49353
16   -1.12495     8.89749    -1.98321    -3.7502
17    5.5139      8.15522     0.466      -1.84221
18    3.91134     9.46388     1.22136    -1.63518
19    6.49845    -4.63705     4.04154     5.3464
20   -9.42898    -4.37351    -2.50244     4.38737
;

