param NO_Staff = 4

param NO_Visits = 20

param T_MAX = 702

param nModeOfTravel = 1

param extra_staff_penalty = 99999

set Visit_Demands[5] := 14;
set Visit_Demands[2] := ; # empty
set Visit_Demands[14] := ; # empty
set Visit_Demands[1] := 7;
set Visit_Demands[7] := ; # empty
set Visit_Demands[3] := ; # empty
set Visit_Demands[4] := ; # empty
set Visit_Demands[6] := ; # empty
set Visit_Demands[8] := ; # empty
set Visit_Demands[9] := ; # empty
set Visit_Demands[10] := ; # empty
set Visit_Demands[11] := ; # empty
set Visit_Demands[12] := ; # empty
set Visit_Demands[13] := ; # empty
set Visit_Demands[15] := ; # empty
set Visit_Demands[16] := ; # empty
set Visit_Demands[17] := ; # empty
set Visit_Demands[18] := ; # empty
set Visit_Demands[19] := ; # empty
set Visit_Demands[20] := ; # empty

param :     a     b     :=
0      0   702
1      5   214
2     74   297
3    221   433
4    289   475
5    448   633
6      0    92
7      5   214
8     92   316
9    260   434
10   408   555
11     0   108
12    82   270
13   114   383
14   448   633
15   534   764
16     0   150
17     6   190
18   123   258
19   142   404
20   298   523
21     0   702
;

param Duration [*] :=
 1   58
 2   98
 3   99
 4   58
 5   93
 6  101
 7   58
 8  121
 9   88
10   65
11   94
12   69
13  105
14   93
15   49
16   78
17   85
18   61
19   74
20  112
;

param TimeMatrix [*,*,1]
:    0      1       2       3       4       5       6       7       8       9 :=
0     0      18      18      23      21      12      14      18      22       9
1    18   10000       6      19      13      19      12   10000      21      26
2    18       6   10000      24      18      16      16       6      16      27
3    23      19      24   10000       7      31      10      19      38      26
4    21      13      18       7   10000      28       7      13      33      26
5    12      19      16      31      28   10000      22      19      11      18
6    14      12      16      10       7      22   10000      12      28      19
7    18   10000       6      19      13      19      12   10000      21      26
8    22      21      16      38      33      11      28      21   10000      29
9     9      26      27      26      26      18      19      26      29   10000
10   13      11       8      26      21       9      16      11      13      21
11   12      24      21      34      31       6      24      24      15      16
12   15      20      24      11      13      26       9      20      34      16
13   21      34      31      44      41      15      34      34      21      22
14   12      19      16      31      28   10000      22      19      11      18
15   24      37      34      47      44      19      37      37      23      24
16    9      18      16      29      26       3      20      18      14      16
17   10      10       9      22      18      10      12      10      17      18
18   22      13       7      31      25      15      23      13      10      30
19    9      24      22      31      29       9      22      24      20      11
20   20      10       4      28      22      15      19      10      13      28
21    0      18      18      23      21      12      14      18      22       9

:     10      11      12      13      14      15      16      17      18     :=
0       13      12      15      21      12      24       9      10      22
1       11      24      20      34      19      37      18      10      13
2        8      21      24      31      16      34      16       9       7
3       26      34      11      44      31      47      29      22      31
4       21      31      13      41      28      44      26      18      25
5        9       6      26      15   10000      19       3      10      15
6       16      24       9      34      22      37      20      12      23
7       11      24      20      34      19      37      18      10      13
8       13      15      34      21      11      23      14      17      10
9       21      16      16      22      18      24      16      18      30
10   10000      14      23      24       9      27       9       5       9
11      14   10000      27      11       6      14       6      14      20
12      23      27   10000      36      26      39      23      19      30
13      24      11      36   10000      15       4      16      25      29
14       9       6      26      15   10000      19       3      10      15
15      27      14      39       4      19   10000      19      28      32
16       9       6      23      16       3      19   10000       9      16
17       5      14      19      25      10      28       9   10000      13
18       9      20      30      29      15      32      16      13   10000
19      16       5      23      13       9      16       8      14      23
20       8      20      27      29      15      32      15      11       4
21      13      12      15      21      12      24       9      10      22

:     19      20     21    :=
0        9      20    0
1       24      10   18
2       22       4   18
3       31      28   23
4       29      22   21
5        9      15   12
6       22      19   14
7       24      10   18
8       20      13   22
9       11      28    9
10      16       8   13
11       5      20   12
12      23      27   15
13      13      29   21
14       9      15   12
15      16      32   24
16       8      15    9
17      14      11   10
18      23       4   22
19   10000      22    9
20      22   10000   20
21       9      20    0
;

param BonusMatrix [*,*] (tr)
:       1           2          3          4        :=
1     6.65068    1.06373     8.11425   -3.50999
2    -6.48049    5.53574    -7.76213    9.26822
3     3.09003    3.18328     8.54971   -5.14163
4    -4.74918    1.5805      2.118      9.99391
5    -8.58108   -0.623234   -5.07899   -9.66004
6     8.13827   -6.02296     9.70738    4.62328
7     6.65068    1.06373     8.11425   -3.50999
8    -3.43505    1.12766     2.50871   -8.20911
9     2.49243   -3.79177    -6.06895    3.65571
10    9.45128   -2.11238    -7.15686    2.63386
11    4.12794   -6.82208    -4.58653    7.72331
12    8.31521    9.1462      1.18515   -1.09774
13    5.0535    -6.21806    -2.82056    8.26144
14   -8.58108   -0.623234   -5.07899   -9.66004
15   -4.85367    7.61357     1.7957    -5.9551
16    1.30955   -4.86538    -7.21581   -3.92844
17    4.46253    4.3897     -1.58667   -3.67371
18    1.63903   -4.18396    -2.38256    2.31984
19   -5.36229    2.86454    -5.1719    -6.57126
20   -6.06364   -0.167857   -1.9314     2.29511
;

